1.16227 0.397613 0 960
1.16437 0.399897 90 120
1.16382 0.399603 90 210
1.16624 0.400347 60 180
1.16321 0.398116 0 90
1.16456 0.399444 120 180
1.16547 0.39864 30 90
1.16193 0.398282 120 180
1.16391 0.398937 0 90
1.16125 0.400466 60 150
1.16388 0.399026 150 210
1.16597 0.400303 210 240
1.16537 0.39957 90 210
1.16443 0.398008 120 210
1.16344 0.400535 60 120
1.16257 0.399346 150 180
1.16428 0.401108 60 150
1.16232 0.39882 30 60
1.16206 0.397927 0 30
1.16632 0.398924 90 180
1.16283 0.398399 0 60
1.16409 0.399513 60 180
1.16565 0.401371 90 180
1.16154 0.39747 0 60
1.16308 0.39913 120 150
1.16425 0.39938 60 150
1.16284 0.398751 120 150
1.16482 0.400016 0 90
1.16371 0.399581 180 240
1.1653 0.397828 60 180
1.1628 0.39954 150 240
1.16299 0.397276 0 30
1.16241 0.398331 150 240
1.16529 0.400094 150 180
1.16184 0.399145 120 240
1.16367 0.397159 0 60
1.16641 0.399184 60 90
1.1656 0.398531 90 180
1.16431 0.397578 0 30
1.16215 0.397361 120 210
1.16645 0.398396 90 120
1.1642 0.399375 120 240
1.16624 0.39812 60 120
1.16525 0.399043 30 150
1.16392 0.397651 0 90
1.16447 0.400605 180 210
1.16658 0.399323 60 180
1.16159 0.397809 120 180
1.16209 0.397159 120 240
1.16517 0.401255 180 240
1.16698 0.39917 120 150
1.16351 0.397202 120 210
1.16324 0.400677 60 90
1.16561 0.399265 60 180
1.16504 0.400607 150 210
1.16225 0.397795 0 120
1.16224 0.400962 120 180
1.162 0.398638 120 240
1.16373 0.398619 0 60
1.16391 0.399 0 120
1.16659 0.399619 180 240
1.16204 0.400368 120 150
1.16188 0.399979 0 60
1.16547 0.398157 180 210
1.1631 0.399802 0 60
1.1619 0.397878 0 30
1.16183 0.400366 30 150
1.16425 0.398725 150 180
1.16226 0.399139 30 120
1.16205 0.401407 120 180
1.16366 0.400873 60 90
1.16652 0.3982 60 150
1.1634 0.397991 120 150
1.16154 0.400538 150 240
1.16337 0.397108 120 180
1.16218 0.400357 60 150
1.1643 0.400116 60 120
1.16589 0.398638 0 120
1.16172 0.401216 0 60
1.16379 0.398601 0 120
1.16264 0.400577 60 120
1.16118 0.397357 120 240
1.16424 0.399848 90 150
1.16202 0.39903 0 90
1.16271 0.3997 180 240
1.16534 0.398002 180 210
1.16258 0.400434 60 150
1.16619 0.398901 60 180
1.16266 0.396992 0 60
1.16167 0.397614 0 120
1.16468 0.40083 150 210
1.16414 0.398366 60 180
1.16189 0.397968 0 90
1.16105 0.397671 30 150
1.16654 0.399225 120 210
1.16174 0.397977 0 120
1.16148 0.397023 120 180
1.16206 0.398962 0 30
1.1637 0.399153 0 90
1.16572 0.399227 60 180
1.16265 0.398261 150 210
1.16405 0.400001 90 210
1.16502 0.398395 0 60
1.16559 0.399311 60 180
1.16199 0.399445 0 90
1.16701 0.39869 0 90
1.16237 0.399073 150 210
1.16333 0.399228 60 180
1.1631 0.399537 60 150
1.16238 0.400447 90 210
1.16295 0.399662 150 240
1.16513 0.40087 120 210
1.16196 0.400822 150 210
1.16315 0.400541 0 120
1.1646 0.398972 60 120
1.16681 0.398693 30 150
1.16468 0.400465 90 150
1.16583 0.400819 60 180
1.16682 0.399862 180 240
1.16237 0.39847 120 240
1.1636 0.399194 120 180
1.16294 0.398371 120 210
1.16631 0.398969 30 60
1.16561 0.397591 30 90
1.16369 0.397405 0 30
1.16361 0.401038 120 180
1.16324 0.398241 120 240
1.16471 0.399395 60 120
1.16641 0.400277 90 210
1.16263 0.398289 30 60
1.16355 0.397691 30 120
1.16394 0.399379 120 150
1.16617 0.399221 30 120
1.16427 0.399494 60 90
1.16312 0.397567 150 240
1.16303 0.399089 210 240
1.16503 0.399016 90 180
1.1658 0.398715 90 120
1.16513 0.398482 0 60
1.16467 0.399506 0 120
1.16408 0.397624 0 90
1.16592 0.399807 120 180
1.16344 0.397151 120 240
1.16211 0.400148 60 90
1.16119 0.398022 0 90
1.16463 0.39794 150 180
1.16353 0.399666 30 120
1.16351 0.399107 30 150
1.16545 0.400834 30 120
1.16425 0.399483 60 90
1.16196 0.398149 0 90
1.16425 0.399409 0 120
1.16306 0.399568 120 180
1.16313 0.397666 120 240
1.16433 0.399768 60 150
1.16364 0.401036 90 210
1.16299 0.399955 120 180
1.16653 0.399147 30 150
1.16313 0.398477 0 60
1.16434 0.399193 30 120
1.16636 0.400691 120 180
1.16193 0.398233 120 210
1.16277 0.399788 90 120
1.16452 0.399669 120 210
1.16275 0.39806 150 180
1.16123 0.397931 0 90
1.16471 0.398307 90 120
1.16204 0.400921 120 210
1.16371 0.400772 60 90
1.16362 0.400012 60 150
1.16256 0.399893 180 210
1.16444 0.398052 150 240
1.1625 0.400919 120 150
1.16696 0.398715 30 120
1.16387 0.399767 60 90
1.16551 0.398354 150 210
1.16489 0.400115 30 150
1.16242 0.400725 60 120
1.16459 0.398847 120 240
1.1623 0.400189 120 180
1.16178 0.398518 120 240
1.16341 0.397126 30 60
1.16375 0.398354 120 240
1.16125 0.397764 30 150
1.16412 0.399971 120 210
1.16343 0.397409 0 30
1.16667 0.400183 0 90
1.1653 0.401247 60 180
1.16398 0.400351 60 150
1.16265 0.400059 0 120
1.16474 0.399446 30 90
1.16273 0.398463 150 240
1.16379 0.399818 30 60
1.16295 0.400293 0 90
1.16141 0.400546 210 240
1.16108 0.397447 120 210
1.16668 0.400156 120 150
1.16465 0.398586 0 60
1.16436 0.398428 90 210
1.16346 0.398864 0 60
1.16288 0.397845 120 240
1.16439 0.400901 150 180
1.16483 0.400056 90 180
1.16165 0.398135 120 150
1.16149 0.39724 30 120
1.16348 0.397476 0 30
1.16316 0.398585 0 90
1.16594 0.400496 60 180
1.16265 0.399031 90 150
1.16364 0.399228 90 180
1.16356 0.399504 90 120
1.16503 0.399747 90 180
1.16537 0.397881 210 240
1.16327 0.400538 120 210
1.16165 0.40054 180 210
1.16138 0.398395 90 150
1.16256 0.399513 0 90
1.1649 0.399746 180 210
1.16509 0.399158 0 120
1.16127 0.398334 0 30
1.16184 0.397664 0 90
1.1656 0.398419 180 210
1.16533 0.400702 120 210
1.16257 0.401477 0 90
1.16559 0.397539 90 120
1.16318 0.399683 0 60
1.16263 0.397571 0 60
1.16456 0.398231 0 60
1.16237 0.39835 0 30
1.16411 0.399567 150 210
1.16666 0.39989 60 90
1.16118 0.39754 120 180
1.16365 0.400016 150 240
1.16627 0.399881 180 240
1.16477 0.398555 60 180
1.16442 0.398356 180 210
1.16503 0.398237 60 150
1.16373 0.398656 60 90
1.1653 0.400069 0 90
1.16415 0.399801 90 180
1.16263 0.397447 120 180
1.16535 0.400767 60 180
1.16147 0.398503 150 210
1.16194 0.398565 120 240
1.16453 0.398879 150 210
1.16228 0.401318 120 210
1.16647 0.399105 60 90
1.16391 0.399569 30 90
1.16683 0.399952 120 240
1.166 0.400169 180 240
1.16565 0.400078 60 180
1.16254 0.399765 150 210
1.16396 0.399528 120 240
1.16418 0.399694 90 120
1.16227 0.399326 120 240
1.16705 0.398964 0 60
1.16257 0.398359 0 60
1.16398 0.399482 120 240
1.16371 0.399107 150 210
1.16568 0.399204 0 90
1.1612 0.39842 0 30
1.16514 0.4006 60 150
1.16139 0.398285 0 30
1.1662 0.398006 60 90
1.16521 0.400825 30 150
1.16207 0.399902 60 90
1.1628 0.399613 150 240
1.16546 0.397933 60 180
1.1635 0.398946 60 120
1.16361 0.399453 0 60
1.16314 0.400734 90 120
1.16334 0.399289 180 240
1.16588 0.400506 60 180
1.1637 0.398185 120 180
1.16398 0.399541 0 120
1.16494 0.400622 210 240
1.16563 0.400257 90 180
1.16565 0.399685 120 150
1.1651 0.398606 150 240
1.16229 0.397351 0 120
1.16687 0.399603 120 180
1.16285 0.401426 30 150
1.16188 0.401154 60 120
1.16247 0.39835 0 90
1.16184 0.399239 60 90
1.16154 0.399616 60 150
1.16344 0.400863 120 150
1.16561 0.400248 120 150
1.16318 0.39749 0 90
1.1624 0.39856 120 240
1.16411 0.397738 0 60
1.16167 0.397288 0 90
1.166 0.399234 180 210
1.16272 0.397517 120 210
1.16277 0.396938 0 30
1.16567 0.397748 120 150
1.16433 0.399895 120 210
1.16503 0.398029 90 150
1.16285 0.398422 30 120
1.16428 0.398839 90 210
1.16401 0.399022 60 120
1.16435 0.398904 90 210
1.16695 0.399921 120 180
1.16326 0.39938 30 90
1.16545 0.400922 60 180
1.16541 0.398571 0 60
1.16472 0.398917 90 210
1.1666 0.400028 120 180
1.16636 0.400303 150 240
1.16341 0.397109 120 150
1.16434 0.39886 90 180
1.16104 0.397161 120 240
1.16584 0.397944 0 60
1.16307 0.399849 120 210
1.16361 0.400808 60 120
1.16613 0.399218 0 90
1.16245 0.399834 210 240
1.16152 0.397235 0 90
1.16366 0.401178 150 180
1.16362 0.399237 120 150
1.16581 0.397649 0 90
1.1656 0.398413 30 150
1.16407 0.398969 30 90
1.16336 0.398271 120 240
1.16166 0.399298 120 180
1.16506 0.400027 120 240
1.16567 0.400622 90 120
1.16245 0.400968 120 210
1.16448 0.398623 30 150
1.16441 0.398955 120 180
1.16628 0.399803 0 120
1.16657 0.398916 150 180
1.16451 0.399833 0 90
1.16137 0.397972 0 30
1.16323 0.397013 120 210
1.16328 0.399825 30 120
1.16502 0.400094 60 90
1.16136 0.397934 120 210
1.16371 0.398577 30 60
1.16169 0.399939 30 90
1.16484 0.399153 60 180
1.16514 0.397794 30 90
1.1616 0.400681 120 240
1.16485 0.400294 180 210
1.16269 0.400454 150 210
1.16391 0.399481 90 180
1.16665 0.400056 210 240
1.16215 0.399121 150 240
1.16285 0.398232 120 150
1.16403 0.398638 60 120
1.16379 0.399474 0 60
1.16333 0.398718 60 180
1.16595 0.400094 60 150
1.16453 0.397879 120 240
1.16611 0.39866 60 120
1.16557 0.398335 60 150
1.16308 0.399792 60 120
1.16673 0.399453 30 120
1.16689 0.399688 150 180
1.16235 0.39741 120 180
1.16339 0.399175 60 90
1.16104 0.397162 120 180
1.16517 0.399102 0 60
1.16339 0.397901 0 30
1.16312 0.397596 0 90
1.1636 0.398678 60 180
1.16572 0.397759 60 120
1.16257 0.396942 30 90
1.16458 0.398212 0 90
1.16312 0.400997 90 150
1.1642 0.399385 90 210
1.16348 0.400982 60 90
1.16466 0.398819 0 60
1.16442 0.401117 90 120
1.16189 0.39938 0 60
1.16402 0.398334 120 240
1.16233 0.400646 30 120
1.16401 0.398533 60 90
1.1644 0.399509 120 210
1.1645 0.398404 150 180
1.16418 0.400226 60 180
1.16469 0.399686 180 240
1.1662 0.399414 90 210
1.16301 0.399404 120 150
1.16333 0.398269 120 240
1.16207 0.399179 120 150
1.16247 0.399446 0 60
1.16351 0.399507 120 180
1.16179 0.398365 120 150
1.16336 0.40093 120 210
1.16593 0.39957 120 180
1.16566 0.400407 120 240
1.16467 0.400707 60 180
1.16308 0.397556 120 210
1.16127 0.399387 60 120
1.16168 0.401527 0 90
1.16126 0.398245 120 210
1.16318 0.399393 60 90
1.16283 0.397366 120 240
1.1659 0.399162 60 90
1.16273 0.400069 0 120
1.16518 0.400065 150 210
1.16614 0.398418 90 120
1.16219 0.399002 120 210
1.16614 0.400247 60 120
1.16691 0.399404 60 90
1.16566 0.401409 60 180
1.16292 0.401499 0 120
1.16132 0.397379 120 240
1.16327 0.39971 120 210
1.16594 0.39984 210 240
1.16636 0.399268 120 150
1.16429 0.399276 0 120
1.16609 0.399768 0 90
1.16544 0.400693 150 210
1.16319 0.400186 30 150
1.1652 0.398085 210 240
1.1637 0.398958 90 180
1.16253 0.398879 0 60
1.16132 0.400471 0 60
1.16409 0.399882 0 90
1.16673 0.399812 120 180
1.16553 0.40074 60 150
1.16674 0.399804 120 150
1.16335 0.399281 90 180
1.16162 0.397566 120 240
1.16533 0.401055 60 120
1.16636 0.40075 0 120
1.16267 0.399844 0 60
1.16602 0.399513 0 90
1.16265 0.398794 0 30
1.16413 0.39921 210 240
1.16613 0.401138 120 210
1.16323 0.399641 210 240
1.16265 0.398897 120 210
1.16171 0.400838 210 240
1.16505 0.398039 0 90
1.16366 0.400354 120 180
1.16691 0.398738 60 180
1.16351 0.397291 0 30
1.16144 0.400618 90 180
1.16275 0.401336 60 180
1.1621 0.397622 120 180
1.16312 0.396967 0 90
1.16437 0.400553 180 210
1.16432 0.398197 0 60
1.16623 0.399351 120 150
1.16485 0.400145 90 120
1.16209 0.40068 0 60
1.16181 0.401238 30 60
1.16337 0.397531 150 240
1.16136 0.398352 30 150
1.16241 0.400752 90 120
1.16469 0.40138 150 210
1.16469 0.398929 0 120
1.16323 0.401711 90 120
1.16616 0.401385 60 150
1.16343 0.400636 180 210
1.16557 0.399235 30 150
1.16349 0.397163 0 90
1.16165 0.397125 0 120
1.16231 0.397632 30 60
1.16124 0.399866 90 210
1.16534 0.399689 90 210
1.16337 0.400582 0 90
1.16128 0.397264 120 150
1.1637 0.400064 180 210
1.16669 0.399441 60 180
1.16191 0.398084 0 90
1.16171 0.399717 0 60
1.16492 0.399089 150 240
1.1626 0.398846 0 30
1.16284 0.397308 120 150
1.16162 0.397183 0 30
1.16405 0.399307 120 240
1.16575 0.399606 120 210
1.16364 0.401176 150 240
1.16155 0.398013 0 60
1.16361 0.39907 30 90
1.16289 0.397867 120 240
1.16207 0.401071 0 60
1.16527 0.40081 90 150
1.16573 0.399176 180 240
1.16631 0.399938 180 210
1.16415 0.400783 60 90
1.16623 0.398945 30 150
1.16519 0.399061 0 120
1.16149 0.398056 120 210
1.16261 0.398791 0 60
1.16171 0.397394 120 180
1.16283 0.399393 120 150
1.16222 0.398495 120 150
1.165 0.398257 150 180
1.16206 0.400701 120 240
1.16608 0.399444 0 120
1.16163 0.398108 150 210
1.16556 0.401195 180 240
1.16343 0.400897 120 180
1.16185 0.398328 0 30
1.16386 0.398431 0 60
1.16411 0.400306 120 240
1.16181 0.397207 120 210
1.16173 0.400501 60 150
1.16633 0.399752 150 210
1.1661 0.401385 150 180
1.16588 0.400197 180 210
1.16638 0.400322 60 90
1.16212 0.397543 120 240
1.16492 0.398613 90 210
1.16437 0.400828 30 120
1.16396 0.399413 0 90
1.16574 0.397988 30 60
1.16422 0.399315 180 210
1.16408 0.399401 60 180
1.16527 0.400251 120 210
1.16274 0.398423 120 210
1.16138 0.397828 0 60
1.16325 0.399844 180 210
1.16191 0.400862 30 90
1.16513 0.401045 120 240
1.16497 0.399005 0 90
1.16249 0.401599 90 180
1.16166 0.39714 120 180
1.16563 0.399564 90 120
1.16381 0.40058 150 180
1.16633 0.400544 120 150
1.1671 0.398989 120 240
1.16459 0.401343 180 240
1.16504 0.397749 90 150
1.16477 0.398513 180 210
1.16163 0.399918 30 150
1.16485 0.399626 60 180
1.16201 0.39822 120 210
1.16297 0.398278 0 90
1.16588 0.39805 120 210
1.16474 0.397958 30 60
1.16427 0.398788 90 210
1.16686 0.398795 0 60
1.16486 0.400945 60 180
1.16526 0.39969 150 210
1.16208 0.398851 0 90
1.16261 0.399733 150 210
1.16245 0.398461 30 60
1.16326 0.398932 120 210
1.16384 0.399006 60 180
1.16425 0.398991 150 240
1.16287 0.398406 150 210
1.1639 0.401351 90 150
1.16594 0.400517 180 210
1.16206 0.401453 60 180
1.16322 0.399711 0 120
1.1623 0.39852 0 90
1.16534 0.397873 60 120
1.16293 0.399653 150 180
1.16259 0.4 120 150
1.16651 0.398689 90 210
1.16192 0.398982 60 150
1.16191 0.399384 30 120
1.16189 0.398295 0 60
1.16501 0.398477 90 210
1.16361 0.399267 60 180
1.16693 0.399767 60 180
1.16405 0.397338 120 210
1.16614 0.401392 120 180
1.16497 0.398723 120 180
1.16561 0.399404 30 150
1.16144 0.398079 150 240
1.1634 0.399478 0 90
1.16529 0.40097 60 120
1.16353 0.399182 60 180
1.16157 0.39804 120 180
1.16539 0.397462 60 90
1.16161 0.399646 120 240
1.16151 0.397985 0 120
1.16357 0.399301 60 150
1.1617 0.401368 180 210
1.16424 0.398925 30 150
1.16304 0.400472 0 120
1.16162 0.401326 0 90
1.16332 0.400882 60 120
1.16244 0.39746 0 60
1.16393 0.400508 180 240
1.16524 0.400182 60 90
1.16686 0.399728 120 240
1.16436 0.399727 0 120
1.16278 0.397574 0 90
1.16297 0.398278 30 90
1.16366 0.399018 150 210
1.1626 0.401558 120 150
1.16242 0.398501 0 120
1.16454 0.39979 30 150
1.16353 0.397368 120 210
1.16619 0.401101 90 150
1.16332 0.397425 120 180
1.16346 0.399766 120 150
1.16471 0.400581 0 120
1.16275 0.401335 60 180
1.16486 0.398011 120 210
1.16439 0.398171 150 240
1.16624 0.39823 30 90
1.16632 0.398558 0 60
1.16476 0.398536 180 210
1.16517 0.401413 210 240
1.16504 0.398808 120 240
1.1634 0.399888 90 180
1.16334 0.399782 60 150
1.16134 0.398397 120 180
1.16589 0.399254 0 120
1.16463 0.398288 0 90
1.16209 0.397704 120 180
1.1631 0.399147 150 210
1.16228 0.39918 30 60
1.16394 0.400322 60 90
1.16203 0.399043 0 90
1.16133 0.398473 150 240
1.16139 0.397374 0 60
1.16679 0.398691 0 60
1.16408 0.397536 0 30
1.16385 0.398998 150 180
1.16397 0.398048 30 150
1.16194 0.401622 0 90
1.16704 0.399546 60 150
1.16502 0.397469 30 120
1.16705 0.399319 60 120
1.16545 0.40122 210 240
1.16367 0.399749 0 90
1.16353 0.39887 120 240
1.16187 0.397363 120 210
1.1661 0.397994 0 60
1.16345 0.398322 120 180
1.16208 0.400245 120 180
1.16298 0.397301 0 30
1.16505 0.398274 60 180
1.16273 0.400047 60 150
1.16325 0.399392 0 120
1.16365 0.398634 90 150
1.16197 0.397313 120 180
1.16153 0.400619 30 90
1.16453 0.400403 120 150
1.16346 0.399066 120 180
1.16416 0.399833 90 120
1.16429 0.397999 120 240
1.1645 0.399345 60 180
1.16404 0.401304 60 150
1.16451 0.398762 0 60
1.16125 0.400381 60 120
1.1636 0.398499 120 180
1.16418 0.398998 120 240
1.1625 0.400852 0 120
1.16421 0.398166 0 120
1.16328 0.401237 60 150
1.16395 0.398984 0 60
1.16521 0.398625 180 240
1.16421 0.398807 150 180
1.16433 0.400624 120 150
1.16481 0.399847 0 120
1.16143 0.397284 0 90
1.16354 0.401196 150 210
1.1624 0.39934 120 180
1.16187 0.399189 90 120
1.16119 0.400373 60 90
1.16646 0.400388 30 150
1.16284 0.397222 0 120
1.16302 0.401013 90 150
1.16431 0.398319 150 210
1.16241 0.401398 120 150
1.16387 0.400526 180 210
1.16469 0.401255 120 150
1.16329 0.39859 120 240
1.16581 0.399851 90 180
1.163 0.398656 120 210
1.16408 0.400469 60 120
1.16521 0.401368 90 120
1.16321 0.399929 120 240
1.16396 0.398028 90 210
1.16353 0.399938 180 240
1.16319 0.400861 120 180
1.16303 0.398842 150 180
1.16509 0.400636 120 240
1.1619 0.400261 60 150
1.16673 0.398942 30 120
1.1657 0.397883 120 210
1.16464 0.398599 90 150
1.16247 0.400846 60 90
1.16164 0.400445 150 180
1.165 0.399458 90 180
1.16366 0.399756 120 240
1.16306 0.398114 0 60
1.16409 0.399511 120 150
1.16574 0.398606 30 150
1.16131 0.398402 120 150
1.16498 0.398262 60 180
1.16193 0.398071 120 210
1.16132 0.400454 0 90
1.16391 0.398925 180 240
1.16346 0.398394 120 150
1.1659 0.399304 180 210
1.1636 0.399172 90 210
1.1618 0.40038 60 180
1.16582 0.399094 0 90
1.16252 0.39959 120 180
1.16636 0.398359 90 150
1.16269 0.398973 0 60
1.16268 0.400093 120 210
1.16184 0.399475 30 120
1.16405 0.399478 180 210
1.16425 0.400709 150 180
1.16121 0.397299 0 30
1.16227 0.399056 120 210
1.16308 0.398787 0 90
1.16218 0.399139 0 60
1.16616 0.400302 150 180
1.16519 0.398062 0 60
1.16371 0.397331 0 90
1.16582 0.399189 150 240
1.1639 0.399664 120 180
1.16375 0.399149 30 90
1.16293 0.397525 30 60
1.16278 0.396987 30 150
1.1633 0.397944 120 210
1.1633 0.401671 60 150
1.16153 0.398007 150 210
1.16244 0.400841 120 180
1.16329 0.397533 0 30
1.16365 0.399939 30 60
1.16143 0.397175 120 240
1.16614 0.399835 0 120
1.16399 0.397657 0 90
1.16421 0.40074 60 120
1.16252 0.398368 0 60
1.16458 0.401376 180 210
1.16575 0.40134 30 150
1.16682 0.398489 0 120
1.16253 0.401421 0 90
1.16646 0.398973 60 150
1.16199 0.399966 150 180
1.16475 0.398127 120 150
1.1649 0.400641 120 240
1.16451 0.398789 60 150
1.16472 0.400239 180 240
1.16462 0.399777 60 120
1.1642 0.399384 120 150
1.16272 0.400385 60 90
1.16416 0.399833 150 240
1.16311 0.396974 0 90
1.16375 0.397809 90 150
1.16221 0.401147 180 240
1.16123 0.400442 150 180
1.16358 0.398623 210 240
1.1629 0.398625 0 120
1.16181 0.400759 60 150
1.16261 0.396926 120 180
1.16503 0.398794 0 60
1.16425 0.398557 180 210
1.16643 0.399981 180 210
1.16627 0.400196 120 240
1.16317 0.400835 0 90
1.16424 0.400054 60 150
1.16479 0.399339 120 210
1.16378 0.399059 120 180
1.16249 0.401115 180 210
1.16576 0.398976 60 90
1.1664 0.398372 120 240
1.1624 0.398403 0 90
1.16364 0.399352 90 180
1.16398 0.398317 0 60
1.16267 0.400871 180 240
1.16136 0.397453 0 90
1.1634 0.399579 0 90
1.16498 0.398321 180 240
1.16193 0.400132 150 180
1.16246 0.401088 120 240
1.16459 0.399972 0 120
1.16439 0.398556 0 60
1.16665 0.398257 150 210
1.16356 0.399934 30 60
1.16201 0.400318 120 150
1.16204 0.397543 0 120
1.16607 0.397778 30 150
1.16573 0.397651 120 210
1.16463 0.399901 180 240
1.16345 0.398326 0 30
1.16299 0.399189 150 180
1.166 0.399155 60 150
1.16474 0.397837 120 210
1.16629 0.398814 180 240
1.16404 0.400372 60 120
1.16406 0.399136 60 90
1.16496 0.399624 30 120
1.16504 0.398252 0 60
1.16346 0.397065 150 240
1.16273 0.398882 0 30
1.16159 0.398517 0 120
1.16463 0.397275 0 90
1.16561 0.401276 150 240
1.16195 0.39821 120 180
1.16453 0.399833 60 90
1.16554 0.397842 90 120
1.16149 0.399385 0 60
1.16638 0.398719 150 240
1.16448 0.39927 180 210
1.16694 0.399491 60 90
1.16552 0.399723 120 150
1.16401 0.397217 120 210
1.16407 0.398545 120 210
1.16466 0.400847 180 240
1.16431 0.401073 180 240
1.1622 0.400185 0 120
1.16272 0.397216 0 90
1.16191 0.400201 30 90
1.16472 0.401156 150 210
1.16259 0.398806 0 30
1.16552 0.397911 30 60
1.16246 0.398796 120 240
1.16212 0.39958 30 120
1.16114 0.397621 120 180
1.16511 0.400867 90 150
1.16225 0.401647 180 210
1.16408 0.400446 30 150
1.16126 0.397233 150 240
1.16469 0.398926 180 210
1.16377 0.4007 120 240
1.16424 0.399373 0 90
1.16559 0.399393 180 240
1.16121 0.397726 0 60
1.16368 0.399996 60 90
1.16414 0.400559 90 210
1.16528 0.398076 90 210
1.16339 0.398896 60 150
1.1615 0.398798 0 60
1.16469 0.399499 180 240
1.16517 0.398417 0 120
1.165 0.400648 30 150
1.16179 0.399122 60 120
1.16373 0.399365 120 180
1.163 0.397884 120 150
1.16365 0.399524 180 210
1.16381 0.398 0 60
1.1627 0.398894 120 240
1.16402 0.400209 30 90
1.16177 0.401409 180 240
1.16583 0.401251 90 120
1.16339 0.397223 120 150
1.16349 0.399375 0 90
1.16668 0.399132 60 150
1.16276 0.397795 0 90
1.16433 0.397802 120 180
1.16302 0.401548 60 180
1.16284 0.400647 60 180
1.16622 0.399189 120 240
1.16344 0.400009 120 210
1.16259 0.39693 0 60
1.16177 0.398344 120 180
1.16554 0.400827 30 150
1.16404 0.398052 120 240
1.16608 0.399585 0 90
1.1657 0.400895 180 240
1.1626 0.398332 0 30
1.16662 0.39909 120 150
1.16246 0.400737 0 120
1.16352 0.398621 0 60
1.16597 0.399944 120 210
1.16357 0.399494 120 210
1.16499 0.399644 120 150
1.16545 0.399604 60 180
1.167 0.39906 60 150
1.1649 0.398062 30 120
1.16266 0.400467 120 180
1.16286 0.398053 0 30
1.16658 0.398753 60 90
1.16324 0.398609 120 240
1.16142 0.39957 0 90
1.16269 0.400032 0 60
1.16298 0.40054 60 120
1.16439 0.39905 120 150
1.16426 0.39861 0 120
1.16395 0.399005 0 90
1.16446 0.39886 150 240
1.16598 0.3976 120 210
1.16418 0.399047 120 150
1.16384 0.401542 90 120
1.16704 0.399494 120 240
1.1665 0.39891 150 240
1.16444 0.399177 0 90
1.16439 0.397696 120 180
1.16429 0.398094 120 150
1.16162 0.39731 0 30
1.16243 0.400361 0 120
1.16123 0.397551 0 90
1.16157 0.397608 0 60
1.16292 0.401612 180 240
1.16473 0.399452 180 210
1.16365 0.398508 90 210
1.16314 0.399112 0 60
1.16422 0.401535 30 120
1.1636 0.398308 120 150
1.16498 0.399674 0 120
1.1626 0.40088 60 180
1.16558 0.401177 120 240
1.1615 0.397094 120 180
1.16417 0.400678 180 240
1.16393 0.399336 60 120
1.16392 0.399415 120 150
1.16559 0.400789 90 210
1.16414 0.398594 0 90
1.16336 0.39885 60 120
1.16421 0.398978 30 90
1.1656 0.399264 120 150
1.16253 0.398248 0 30
1.16648 0.398776 60 150
1.16482 0.399339 30 120
1.16151 0.400524 120 180
1.16196 0.398153 120 150
1.16477 0.398946 60 180
1.16375 0.397421 30 150
1.16177 0.400468 0 90
1.16476 0.399108 60 150
1.16184 0.40078 60 120
1.16629 0.400304 120 180
1.16329 0.400574 0 120
1.16175 0.400379 0 90
1.1622 0.398389 0 90
1.16277 0.399787 30 90
1.16224 0.400317 120 150
1.16398 0.398029 0 120
1.16436 0.399013 60 180
1.16424 0.397231 30 120
1.16531 0.398701 30 60
1.16525 0.397918 120 240
1.16197 0.397047 120 240
1.1636 0.399235 150 240
1.16571 0.397733 30 90
1.16265 0.39929 0 60
1.16571 0.400117 180 240
1.16293 0.39922 150 180
1.16287 0.399232 30 120
1.16592 0.398031 120 210
1.16174 0.39873 120 180
1.16592 0.397985 150 210
1.16369 0.398844 30 60
1.1644 0.398889 90 210
1.16265 0.398061 120 240
1.16239 0.399549 30 150
1.16364 0.399266 180 210
1.16191 0.397641 0 30
1.16635 0.398478 0 90
1.16364 0.398969 0 60
1.16464 0.397394 30 120
1.16365 0.39939 120 180
1.16615 0.398414 180 240
1.16524 0.398928 150 180
1.16312 0.39966 30 150
1.16376 0.400539 120 210
1.16343 0.397422 120 210
1.16703 0.399749 60 120
1.16281 0.399513 30 60
1.16521 0.398042 120 240
1.16183 0.400774 90 180
1.16382 0.399048 180 240
1.16447 0.398381 0 60
1.16215 0.39738 0 30
1.16534 0.400021 60 150
1.16508 0.399621 120 240
1.16551 0.397588 60 150
1.16566 0.398627 150 210
1.16643 0.398815 30 60
1.16457 0.399882 60 150
1.16637 0.399046 120 150
1.16498 0.400619 150 210
1.16345 0.397261 0 30
1.16431 0.397487 0 90
1.16332 0.397044 0 30
1.1625 0.39707 0 90
1.16552 0.399771 150 180
1.16316 0.398482 60 180
1.16501 0.397891 0 90
1.16511 0.397723 60 150
1.16565 0.401351 90 150
1.16136 0.397515 120 180
1.16229 0.400738 120 150
1.16142 0.397705 120 150
1.16463 0.399974 60 180
1.1623 0.400785 120 210
1.16563 0.400667 120 180
1.16362 0.398771 60 120
1.16152 0.397236 120 150
1.16223 0.398967 0 30
1.16483 0.3978 150 240
1.1638 0.3973 0 90
1.16377 0.39779 0 60
1.16472 0.400847 180 240
1.16468 0.400466 30 120
1.16216 0.400654 30 120
1.16157 0.397257 0 60
1.16274 0.399047 120 180
1.16427 0.399052 60 90
1.16334 0.400785 120 150
1.16333 0.397879 0 120
1.16402 0.400636 120 240
1.16507 0.401255 60 120
1.16291 0.398306 120 150
1.16517 0.398419 0 60
1.16216 0.399951 120 240
1.16207 0.400794 120 210
1.16192 0.400904 180 240
1.16534 0.397765 150 210
1.16196 0.399996 120 180
1.16283 0.398582 0 120
1.16249 0.399162 0 60
1.16277 0.401586 120 180
1.1611 0.399786 30 90
1.16148 0.400504 210 240
1.16217 0.399846 180 210
1.16586 0.399197 0 120
1.16258 0.400394 60 150
1.16391 0.398067 0 60
1.1667 0.399755 120 180
1.166 0.399057 120 150
1.16217 0.397874 120 240
1.16503 0.401301 120 210
1.16562 0.400582 0 90
1.16203 0.401081 150 210
1.16504 0.398637 120 180
1.16425 0.398996 30 120
1.16625 0.399254 60 150
1.16433 0.398885 60 120
1.16378 0.399132 60 90
1.16664 0.398727 120 150
1.16353 0.399707 60 180
1.16207 0.401073 60 150
1.16455 0.3984 30 120
1.166 0.399657 120 150
1.16173 0.397236 120 150
1.16336 0.398206 120 240
1.16201 0.400342 30 120
1.16686 0.399725 120 180
1.16457 0.398635 0 60
1.16138 0.399889 90 210
1.16551 0.397631 0 60
1.16315 0.398582 120 180
1.16105 0.3975 120 180
1.16304 0.400247 180 210
1.16442 0.399205 0 90
1.16194 0.399137 150 240
1.1618 0.401626 120 210
1.16486 0.399125 90 150
1.16468 0.397944 150 180
1.16237 0.398422 120 240
1.16442 0.397535 120 240
1.1647 0.399097 0 60
1.16349 0.397256 120 180
1.16498 0.401425 150 180
1.16225 0.399537 120 240
1.16403 0.398654 0 90
1.16248 0.398319 0 90
1.16494 0.399071 180 210
1.16329 0.399671 150 180
1.1619 0.397259 120 210
1.16439 0.397997 0 90
1.16358 0.398927 180 240
1.16408 0.397491 120 180
1.16217 0.397893 0 120
1.16554 0.39795 90 210
1.1654 0.397954 0 60
1.16535 0.400909 120 150
1.16438 0.397569 0 60
1.16221 0.401661 0 90
1.16327 0.399517 0 60
1.16182 0.400754 180 240
1.16283 0.401004 120 150
1.16262 0.397238 120 240
1.16553 0.400443 120 180
1.16184 0.40028 120 150
1.16447 0.399087 180 210
1.16478 0.398711 30 150
1.16276 0.399698 120 210
1.16583 0.399158 0 90
1.16411 0.399743 180 240
1.163 0.399596 150 180
1.16515 0.3991 120 240
1.16206 0.399339 90 210
1.16202 0.398867 120 210
1.16668 0.399115 60 120
1.16169 0.401468 30 60
1.16435 0.399777 120 150
1.16408 0.400495 60 180
1.16236 0.399293 120 210
1.16383 0.39948 60 90
1.16311 0.399732 120 240
1.16238 0.398372 30 120
1.1661 0.398361 60 150
1.16294 0.401478 120 180
1.16277 0.398305 120 150
1.16456 0.399509 60 90
1.16206 0.39885 60 180
1.16526 0.400074 120 180
1.16543 0.39901 30 90
1.16701 0.399555 60 120
1.16348 0.39716 0 30
1.1657 0.398119 0 60
1.16269 0.398343 30 120
1.16583 0.3992 60 150
1.16513 0.3993 120 180
1.16325 0.399714 60 180
1.16197 0.399227 0 120
1.1614 0.398592 120 210
1.16315 0.400744 60 120
1.16467 0.39931 60 90
1.16549 0.400366 120 150
1.16352 0.400895 60 180
1.16475 0.397947 0 90
1.16151 0.397021 0 60
1.16396 0.400325 120 180
1.16151 0.399377 30 150
1.16121 0.400397 90 210
1.16406 0.398898 0 60
1.16325 0.399402 150 240
1.16255 0.396947 120 180
1.16166 0.398163 0 60
1.16591 0.398828 90 180
1.16597 0.400521 60 150
1.16194 0.40047 60 120
1.16461 0.398285 30 60
1.16526 0.397684 0 120
1.16471 0.400843 90 210
1.16549 0.399771 120 210
1.16541 0.398557 0 90
1.16481 0.398463 120 240
1.16296 0.398973 0 90
1.16232 0.397398 120 210
1.16378 0.399445 60 120
1.16165 0.397655 0 30
1.16404 0.398295 120 150
1.16673 0.399066 0 120
1.16413 0.398972 60 120
1.16684 0.398661 90 150
1.16309 0.399832 60 90
1.16595 0.400502 0 90
1.16249 0.398575 0 30
1.16477 0.398849 30 150
1.16325 0.399447 0 90
1.16154 0.398405 120 180
1.16468 0.40023 60 120
1.16177 0.398605 120 240
1.16391 0.399706 0 120
1.16549 0.398071 90 180
1.16434 0.401369 60 150
1.16557 0.397746 150 180
1.16559 0.400915 180 210
1.16363 0.398961 0 120
1.16138 0.397399 150 240
1.16526 0.40129 90 120
1.16382 0.398905 30 150
1.16276 0.399697 120 210
1.16379 0.399122 90 180
1.16145 0.397058 120 180
1.16556 0.39978 180 210
1.16459 0.401543 210 240
1.16512 0.398711 0 90
1.16487 0.39893 90 180
1.16276 0.397728 120 180
1.16503 0.401508 30 150
1.1627 0.400088 30 150
1.16334 0.398622 30 120
1.1617 0.399694 180 240
1.16348 0.401161 90 150
1.16173 0.397204 0 60
1.16639 0.399095 120 240
1.16641 0.400327 0 90
1.16547 0.400883 180 240
1.16306 0.399768 30 90
1.16638 0.399095 60 90
1.16347 0.397037 0 90
1.16192 0.397976 0 90
1.16489 0.398497 30 120
1.16507 0.400648 120 180
1.16298 0.398144 0 30
1.16404 0.399349 0 120
1.16169 0.399263 30 150
1.16211 0.401365 60 150
1.1654 0.399527 120 180
1.16599 0.399279 210 240
1.16387 0.398806 150 180
1.16338 0.401562 30 120
1.16337 0.398601 0 60
1.16609 0.400057 150 180
1.16647 0.400182 120 150
1.16235 0.399986 30 150
1.16275 0.401335 60 150
1.16598 0.398905 0 60
1.16395 0.398919 150 210
1.16487 0.400956 0 120
1.16209 0.39761 120 240
1.16307 0.400432 60 150
1.16352 0.397182 0 90
1.16403 0.39918 120 150
1.16123 0.397895 120 150
1.16673 0.39934 0 90
1.16395 0.400332 120 210
1.16588 0.400896 180 240
1.1619 0.401014 210 240
1.16332 0.39899 210 240
1.16589 0.399717 60 180
1.16453 0.399459 60 120
1.16412 0.399305 120 180
1.16414 0.399108 210 240
1.16209 0.39986 90 120
1.16217 0.401208 60 150
1.16388 0.400069 120 210
1.16685 0.398894 120 180
1.16351 0.399164 90 120
1.1657 0.399235 60 180
1.16472 0.398727 30 150
1.16206 0.400634 0 90
1.16509 0.397969 0 60
1.16418 0.398097 0 90
1.16621 0.40009 60 180
1.16378 0.400621 60 150
1.16444 0.399286 120 180
1.16635 0.398818 90 120
1.1625 0.399472 60 90
1.16182 0.400599 0 60
1.16205 0.400144 0 90
1.16615 0.399409 120 180
1.16676 0.399999 180 240
1.16239 0.398765 120 150
1.16288 0.396965 120 240
1.16568 0.398498 90 180
1.16514 0.4006 30 120
1.16373 0.399489 60 120
1.16354 0.401198 150 180
1.16155 0.397574 30 120
1.16199 0.398161 150 240
1.16519 0.401328 120 210
1.16231 0.399147 120 180
1.16326 0.398845 210 240
1.16263 0.401561 90 120
1.16207 0.401237 0 90
1.16465 0.399767 60 150
1.16328 0.40059 60 120
1.16473 0.399279 120 150
1.16145 0.397951 120 240
1.16298 0.400935 60 180
1.16446 0.398056 0 90
1.16267 0.398157 120 180
1.16169 0.400006 60 90
1.16406 0.397804 0 30
1.16224 0.401462 0 90
1.16125 0.39704 120 210
1.16707 0.398753 180 210
1.16597 0.397797 150 180
1.16428 0.397572 120 240
1.16345 0.400354 60 150
1.1655 0.398121 90 150
1.16305 0.399361 150 210
1.16552 0.39831 30 60
1.16569 0.398095 90 210
1.16147 0.398169 120 210
1.16667 0.399628 120 210
1.16448 0.3975 30 90
1.1644 0.399584 180 210
1.16218 0.397643 0 120
1.16244 0.398459 120 240
1.16309 0.399838 150 210
1.16368 0.401154 90 120
1.16195 0.398212 0 30
1.16404 0.398557 0 90
1.16191 0.399993 30 120
1.16397 0.39899 120 180
1.16206 0.39898 120 180
1.16648 0.398777 90 120
1.16529 0.398922 0 60
1.16628 0.398613 120 210
1.16199 0.399166 120 180
1.16693 0.398902 180 240
1.16537 0.398932 60 90
1.16636 0.400346 120 240
1.16189 0.397234 120 240
1.16327 0.401172 150 240
1.16569 0.398206 0 90
1.16281 0.398861 120 240
1.16243 0.400456 180 240
1.16327 0.399739 0 60
1.16402 0.398875 90 120
1.16655 0.400164 0 120
1.16691 0.399866 0 90
1.16664 0.399149 60 150
1.16627 0.399521 60 120
1.16172 0.399759 60 90
1.16304 0.398695 120 240
1.1667 0.398557 0 120
1.16453 0.399444 60 150
1.16349 0.399213 60 120
1.1647 0.39842 150 180
1.16387 0.398912 120 150
1.16206 0.401054 0 90
1.16425 0.399493 60 120
1.16265 0.398893 0 60
1.16553 0.400402 210 240
1.16348 0.398618 120 150
1.16254 0.40067 150 240
1.16271 0.397249 360 420
1.16278 0.399316 360 420
1.16455 0.401398 300 360
1.16299 0.399321 330 450
1.16589 0.401061 360 420
1.16246 0.401214 300 360
1.16369 0.399091 420 450
1.16182 0.399143 300 420
1.16469 0.399141 300 420
1.1637 0.398785 330 420
1.16471 0.399521 360 390
1.1651 0.397928 360 390
1.16253 0.399351 300 360
1.16577 0.39819 300 360
1.16271 0.397424 360 450
1.16143 0.399489 360 420
1.16399 0.398701 330 360
1.16491 0.39988 330 360
1.16229 0.399145 300 390
1.16297 0.399077 300 360
1.16552 0.39822 330 360
1.1622 0.397936 420 450
1.16316 0.398871 300 390
1.16411 0.39928 300 360
1.16544 0.401005 300 360
1.16295 0.398801 300 360
1.16509 0.399638 360 390
1.16209 0.398411 300 360
1.16461 0.399532 360 450
1.16494 0.399203 330 390
1.16304 0.401491 450 480
1.16584 0.397836 330 450
1.16465 0.40119 360 450
1.16298 0.399653 360 450
1.16409 0.399514 420 480
1.1655 0.398792 420 450
1.16589 0.400781 300 390
1.16444 0.399203 300 390
1.16474 0.40137 300 420
1.16247 0.398747 390 450
1.16118 0.400454 360 480
1.16405 0.398684 300 360
1.1622 0.399847 390 450
1.16144 0.400641 330 390
1.16519 0.397428 300 420
1.16472 0.400823 300 360
1.16446 0.398086 390 480
1.16274 0.400027 420 450
1.16648 0.399822 300 390
1.16539 0.400812 300 360
1.16303 0.398836 360 420
1.1629 0.398968 360 390
1.16549 0.398671 360 480
1.16514 0.397636 360 480
1.16411 0.400396 330 390
1.16484 0.400962 330 390
1.16394 0.399569 450 480
1.16467 0.399529 330 450
1.16477 0.398822 300 360
1.16262 0.397768 420 480
1.16173 0.400032 390 420
1.16198 0.401253 390 420
1.16275 0.40129 390 480
1.16475 0.398343 360 420
1.1617 0.398253 360 420
1.16383 0.398706 390 420
1.16399 0.398837 330 450
1.16516 0.399027 330 420
1.16438 0.401037 300 360
1.16627 0.39956 300 360
1.16397 0.401292 420 450
1.16416 0.398621 300 420
1.16494 0.397668 300 420
1.16297 0.398576 300 390
1.1633 0.400752 360 390
1.16364 0.401177 300 360
1.16103 0.399656 360 450
1.162 0.399148 360 450
1.16477 0.400705 330 390
1.16348 0.397612 330 360
1.16589 0.398922 300 360
1.16527 0.398354 330 450
1.16285 0.399324 300 390
1.16533 0.39782 300 360
1.16368 0.398832 300 390
1.16212 0.399108 300 390
1.16442 0.400327 420 480
1.16505 0.397923 360 420
1.16429 0.399747 360 390
1.162 0.397636 300 390
1.1646 0.399336 330 420
1.16147 0.39819 330 390
1.1664 0.39834 450 480
1.16659 0.398784 450 480
1.1652 0.39975 300 420
1.16529 0.400722 300 390
1.16686 0.39887 420 480
1.16205 0.398894 420 480
1.16211 0.401365 300 420
1.16473 0.398916 300 360
1.16506 0.39995 390 480
1.16443 0.401055 390 480
1.16521 0.398542 360 420
1.16219 0.399004 360 390
1.16502 0.401068 360 480
1.1635 0.397154 360 480
1.16545 0.400384 420 450
1.16195 0.398284 420 450
1.16637 0.398509 300 420
1.16323 0.40029 330 420
1.16467 0.401447 300 360
1.16588 0.397929 420 480
1.1613 0.398256 390 420
1.16238 0.398394 390 420
1.16292 0.398327 300 360
1.16537 0.400314 360 420
1.16694 0.399781 360 420
1.16195 0.401619 360 420
1.16366 0.398537 360 480
1.162 0.400429 390 480
1.1653 0.399059 330 420
1.16561 0.400188 330 420
1.16339 0.398231 420 450
1.16316 0.398309 300 420
1.1645 0.398381 330 420
1.16207 0.398784 300 360
1.16233 0.401053 390 450
1.16175 0.400226 390 420
1.16133 0.39827 390 420
1.16291 0.397453 300 390
1.16367 0.399394 360 420
1.16441 0.397987 360 420
1.16338 0.397453 390 420
1.16616 0.401372 360 390
1.16371 0.398962 390 480
1.16248 0.401522 330 420
1.1647 0.401268 330 420
1.1653 0.399 330 390
1.16559 0.399067 300 420
1.16667 0.399167 300 420
1.1642 0.39859 300 360
1.16166 0.399354 420 480
1.1659 0.397588 390 420
1.16211 0.401561 390 420
1.16431 0.401509 300 360
1.16202 0.401634 390 480
1.16213 0.400131 360 420
1.16467 0.399283 360 420
1.16185 0.39761 330 360
1.16297 0.401089 360 480
1.16559 0.400221 330 420
1.16221 0.397058 330 420
1.16265 0.398096 450 480
1.16334 0.399573 450 480
1.16299 0.40143 300 360
1.16183 0.399241 300 360
1.16188 0.399191 390 450
1.16358 0.399214 360 480
1.16216 0.399952 330 420
1.1634 0.397156 330 390
1.16707 0.399565 450 480
1.16324 0.399686 450 480
1.16434 0.398487 300 420
1.16378 0.399476 330 390
1.1644 0.399447 420 480
1.16374 0.398735 420 480
1.16537 0.397879 300 390
1.16481 0.399613 300 390
1.16375 0.400019 390 480
1.16193 0.39801 390 450
1.16172 0.400271 300 360
1.16186 0.399978 390 480
1.165 0.40008 330 420
1.16144 0.398125 330 420
1.16212 0.399317 450 480
1.16551 0.397916 450 480
1.16325 0.401702 300 420
1.16184 0.399145 300 420
1.16411 0.398589 420 480
1.16431 0.397811 420 480
1.1662 0.400512 390 420
1.16424 0.399462 300 390
1.16375 0.399568 390 480
1.16566 0.401352 390 480
1.16463 0.398861 360 420
1.16167 0.399982 360 390
1.16181 0.400749 330 420
1.16543 0.399079 330 420
1.16587 0.398227 360 420
1.16534 0.397499 330 390
1.16243 0.400816 360 480
1.16664 0.398633 300 420
1.16159 0.399899 330 420
1.16369 0.400156 420 480
1.16497 0.398513 390 420
1.16507 0.399951 390 420
1.16277 0.399127 300 360
1.16595 0.398829 390 480
1.16408 0.400579 360 420
1.16614 0.401175 360 420
